######## DPPC #####
Neighbour siehe davits funktion

Entropy -1.69049658023 11.2806084956 -20.3562798081 20.758324869 -33.6147582986 -338.230155943 1570.73771259 -1807.72852429 -5576.23279722 22885.6589228 -35408.6550105 28276.899977 -11390.9142111 1796.348856  #meine berechnung bei 330K ohne selfE
Entropy -2.04571447438 14.7118498751 -22.2548575872 10.3343475344 -118.34011473 -248.925106366 1958.67197468 -2085.1004462 -7894.0958137 26729.9948401 -34006.2476295 20496.3377796 -4854.17491238 -6.09011283275 #meine Berechnung bei 330K mit selfE






##entropy mit selfE
330K



##MD destr fabian
-2.57351, 5.98903, -35.68306, 78.89977, 91.96720, -459.23468, 645.42812, -821.00375, 926.88676, -435.19451 #290K
-2.1694, 7.3327, -17.2738, -80.7742, 195.3379, 945.4387, -2547.3315, -1162.4835, 9151.0014, -9906.9515, 3408.0340 #300K
-2.36355, 5.46137, -24.46558, 65.28430, -4.43003, -273.55920, 476.74025, -265.80368, 21.18524 #310K
-1.54361, 5.91116, -17.08825, 9.10201, 83.29620, -51.66624, -374.83625, 680.01232, -371.29102, 34.59291 #320K
-0.8908, 7.9663, -18.3197, 10.1311, 89.4175, -29.1884, -699.1075, 1199.4633, -573.0723 #330K
-0.83125, 8.79133, -14.59320, -14.79646, 64.22168, 141.76302, -761.55609, 956.86295, -391.65976 #340K
-0.62378, 6.69391, -11.26564, 35.11375, -92.25622, -16.98733, 312.88875, -387.88022, 143.27531 #350
-0.4893, 6.4733, -14.1667, 39.1337, -54.4157, -91.4752, 201.7390, -60.5201, -41.7419 #360K 



MDDestr -0.9767356, 8.69286553, -12.7808724, 12.12000201, -21.41776641, 7.14478559 #330K davit









SelfEnergie -1.200 10.013 -8.320 -39.644 -115.281 238.514 -114.475

#old independent T Entropy 330K# -2.23944440256 14.6315322589 -28.8684125017 61.6341762903 434.665741582 -3287.12564151 -3156.62271387 47607.1617864 -62287.0875982 -156423.643997 546966.932212 -654534.039169 363362.717871 -78758.4781949






###### DUPC #######

SelfEnergie -263.2579 -4.8473 -11.4106 -3.7343


Entropy -0.953841847119 9.98048553574 -21.3276829329 -29.2657639595 6.98360501195 259.704727526 -1416.03888667 699.771518466 11510.3583692 -20877.1094977 -26857.0272336 113695.249856 -120067.42799 43299.0835101 #330K

#MD destr
-0.14122, 7.51277, -9.36903, -4.43679, -97.86418, 192.92704, 19.37517, -168.20577 #330K




######### Enthalpy #####
DPPC DPPC  -66.19186323 14.29638183 -17.16964377 12.54721918 -115.64125821 84.15934512
DUPC DUPC -68.88339245 24.25141919 -46.42709761 -15.85024474
DUPC DPPC -66.87543292 13.17094511 -27.96769910 21.08631552 -33.12144976




