CholCholEnergie -23.50222 1.77232

LipidCholEnergie DPPC 0 -66.2705187394 -0.282464489589 -26.3292927396 -51.5133142516 397.512446983 32.5171030807 -2336.67727968 3271.88916952 -1305.09479608
LipidCholEnergie DPPC 1 -64.7170816037 -0.166316405105 -8.01530945582 -24.4054673025 91.7733156571 128.129440688 -650.249850651 218.572263009 616.232595779 -385.992091225
LipidCholEnergie DPPC 2 -60.8511803871 -0.822891004918 -2.36570775167 -8.04980255784 -37.3208117548 36.1912850114
LipidCholEnergie DPPC 3 -58.8047910015 -0.161330153804 -1.16759519015 -7.61815380516 -25.2806493377 23.1244004518
LipidCholEnergie DPPC 4 -56.8392776057 0.374279917569 5.44178407008 -7.5489014181 -69.2539485446 47.5565557026 81.4303634735 -63.1733084724
LipidCholEnergie DPPC 5 -58.1671211359 -0.819566280468 -5.64006418861 58.0561356961 104.087906903 -1133.12142176 711.193422464 5946.53430559 -13382.4344926 10786.6659808 -3082.69115593

SelfEnergie DPPC -1.200 10.013 -8.320 -39.644 -115.281 238.514 -114.475



Enthalpy DPPC DPPC 0 -69.8027819975 -2.09304973604 37.8769605843 20.0128567153 -247.164703752 173.740048717
Enthalpy DPPC DPPC 1 -72.1633273746 23.851916509 27.1875014814 -148.759534339 107.29014969 -24.1400068736
Enthalpy DPPC DPPC 2 -68.7970223581 28.4772731267 -8.65172456638 -119.362220438 174.218257148 -89.3774131062
Enthalpy DPPC DPPC 3 -65.1235586327 2.67173081486 24.9195504492 12.8791636752 -94.2249554912 39.1633714179
Enthalpy DPPC DPPC 4 -67.3170785358 22.7180159655 72.1524950341 -135.391207138 -303.324954244 696.762722361 -360.14188774
Enthalpy DPPC DPPC 5 -65.9001075486 7.051412838 35.0517522147 -15.7100993152 -31.1913593542
Enthalpy DPPC DPPC 6 -60.3072814056 -0.194174462159 35.8948472307 57.2148220642 -191.457386915 107.282929664 -20.4605605818

Entropy DPPC -2.73176424308 15.1035672821 -13.7740124162 8.11718277688 -122.017598948 -257.444381711 1986.49720581 -2013.68413608 -8142.01362636 26289.3765109 -31471.0063476 16602.8945804 -2211.55306314 -690.977188788

CholLipidNeigh 0 4.876090 -0.003853 #erste number N^CC, dann poly coeff
CholLipidNeigh 1 4.927823 -0.004375
CholLipidNeigh 2 5.679331 -0.006972
CholLipidNeigh 3 5.582660 -0.006965
CholLipidNeigh 4 3.878822 -0.002604

#not used
LipidLipidNeighPara DPPC 0 4
LipidLipidNeighPara DPPC 1 4
LipidLipidNeighPara DPPC 2 4
LipidLipidNeighPara DPPC 3 4
LipidLipidNeighPara DPPC 4 4
