dims2 151
1
2
3
4
0 -0.5
1 -0.49
2 -0.48
3 -0.47
4 -0.46
5 -0.45
6 -0.44
7 -0.43
8 -0.42
9 -0.41
10 -0.4
11 -0.39
12 -0.38
13 -0.37
14 -0.36
15 -0.35
16 -0.34
17 -0.33
18 -0.32
19 -0.31
20 -0.3
21 -0.29
22 -0.28
23 -0.27
24 -0.26
25 -0.25
26 -0.24
27 -0.23
28 -0.22
29 -0.21
30 -0.2
31 -0.19
32 -0.18
33 -0.17
34 -0.16
35 -0.15
36 -0.14
37 -0.13
38 -0.12
39 -0.11
40 -0.1
41 -0.09
42 -0.08
43 -0.07
44 -0.06
45 -0.05
46 -0.04
47 -0.03
48 -0.02
49 -0.01
50 3.08781e-16
51 0.01
52 0.02
53 0.03
54 0.04
55 0.05
56 0.06
57 0.07
58 0.08
59 0.09
60 0.1
61 0.11
62 0.12
63 0.13
64 0.14
65 0.15
66 0.16
67 0.17
68 0.18
69 0.19
70 0.2
71 0.21
72 0.22
73 0.23
74 0.24
75 0.25
76 0.26
77 0.27
78 0.28
79 0.29
80 0.3
81 0.31
82 0.32
83 0.33
84 0.34
85 0.35
86 0.36
87 0.37
88 0.38
89 0.39
90 0.4
91 0.41
92 0.42
93 0.43
94 0.44
95 0.45
96 0.46
97 0.47
98 0.48
99 0.49
100 0.5
101 0.51
102 0.52
103 0.53
104 0.54
105 0.55
106 0.56
107 0.57
108 0.58
109 0.59
110 0.6
111 0.61
112 0.62
113 0.63
114 0.64
115 0.65
116 0.66
117 0.67
118 0.68
119 0.69
120 0.7
121 0.71
122 0.72
123 0.73
124 0.74
125 0.75
126 0.76
127 0.77
128 0.78
129 0.79
130 0.8
131 0.81
132 0.82
133 0.83
134 0.84
135 0.85
136 0.86
137 0.87
138 0.88
139 0.89
140 0.9
141 0.91
142 0.92
143 0.93
144 0.94
145 0.95
146 0.96
147 0.97
148 0.98
149 0.99
150 1
0 -0.5
1 -0.49
2 -0.48
3 -0.47
4 -0.46
5 -0.45
6 -0.44
7 -0.43
8 -0.42
9 -0.41
10 -0.4
11 -0.39
12 -0.38
13 -0.37
14 -0.36
15 -0.35
16 -0.34
17 -0.33
18 -0.32
19 -0.31
20 -0.3
21 -0.29
22 -0.28
23 -0.27
24 -0.26
25 -0.25
26 -0.24
27 -0.23
28 -0.22
29 -0.21
30 -0.2
31 -0.19
32 -0.18
33 -0.17
34 -0.16
35 -0.15
36 -0.14
37 -0.13
38 -0.12
39 -0.11
40 -0.1
41 -0.09
42 -0.08
43 -0.07
44 -0.06
45 -0.05
46 -0.04
47 -0.03
48 -0.02
49 -0.01
50 3.08781e-16
51 0.01
52 0.02
53 0.03
54 0.04
55 0.05
56 0.06
57 0.07
58 0.08
59 0.09
60 0.1
61 0.11
62 0.12
63 0.13
64 0.14
65 0.15
66 0.16
67 0.17
68 0.18
69 0.19
70 0.2
71 0.21
72 0.22
73 0.23
74 0.24
75 0.25
76 0.26
77 0.27
78 0.28
79 0.29
80 0.3
81 0.31
82 0.32
83 0.33
84 0.34
85 0.35
86 0.36
87 0.37
88 0.38
89 0.39
90 0.4
91 0.41
92 0.42
93 0.43
94 0.44
95 0.45
96 0.46
97 0.47
98 0.48
99 0.49
100 0.5
101 0.51
102 0.52
103 0.53
104 0.54
105 0.55
106 0.56
107 0.57
108 0.58
109 0.59
110 0.6
111 0.61
112 0.62
113 0.63
114 0.64
115 0.65
116 0.66
117 0.67
118 0.68
119 0.69
120 0.7
121 0.71
122 0.72
123 0.73
124 0.74
125 0.75
126 0.76
127 0.77
128 0.78
129 0.79
130 0.8
131 0.81
132 0.82
133 0.83
134 0.84
135 0.85
136 0.86
137 0.87
138 0.88
139 0.89
140 0.9
141 0.91
142 0.92
143 0.93
144 0.94
145 0.95
146 0.96
147 0.97
148 0.98
149 0.99
150 1
t: 500000 flucAccepRate: 0.991076 swapAccepRate: 0.977124
time per step: 2.11786e-05
t: 1000000 flucAccepRate: 0.968683 swapAccepRate: 0.923087
time per step: 1.602e-05
t: 1500000 flucAccepRate: 0.949627 swapAccepRate: 0.8849
time per step: 1.4225e-05
t: 2000000 flucAccepRate: 0.934278 swapAccepRate: 0.859275
time per step: 1.32946e-05
t: 2500000 flucAccepRate: 0.92151 swapAccepRate: 0.840185
time per step: 1.27181e-05
